%YAML:1.0

image: 3
mtx: !!opencv-matrix
   rows: 3
   cols: 3
   dt: d
   data: [ 4.1555314217422568e+02, 0., 6.4438721046070225e+02, 0.,
       4.0954603102944270e+02, 4.2882965695746884e+02, 0., 0., 1. ]
dist: !!opencv-matrix
   rows: 1
   cols: 5
   dt: d
   data: [ -1.4515795902143458e-01, 1.4496723601569093e-02,
       6.0161698691866437e-03, 3.3839636342301469e-04,
       -5.3302113835381804e-04 ]
