%YAML:1.0
---
pespective_matrix: !!opencv-matrix
   rows: 3
   cols: 3
   dt: d
   data: [-2.02794843e-01, -3.94548483e+00,  5.52487723e+02,
           3.16404208e-01, -4.36550804e+00 , 5.67501212e+02,
           1.57205598e-03, -1.22246132e-02,  1.00000000e+00]